0 2 3 5 7 9 
2.288965

0 2 3 5 7 9 
1.388276

0 2 3 5 6 7 8 9 
1.835193

0 2 4 5 6 8 9 
1.997050

0 2 4 6 8 9 
0.981051

0 1 3 5 6 7 9 
1.898605

0 2 4 3 5 7 9 
0.612291
3 
0 1 3 5 7 9 
2.739719

0 2 4 6 7 8 9 
1.760060

0 1 3 5 6 8 9 
1.011245

0 1 3 4 6 8 9 
1.050395

0 1 3 5 7 9 
1.631710

0 2 1 3 5 6 7 8 9 
1.954348
2 
0 2 4 6 8 9 
1.309743

0 2 4 6 7 9 
1.410514

0 1 3 4 6 8 9 
2.308926

0 2 4 5 7 8 9 
1.527724

0 1 3 5 7 9 
2.135768

0 2 3 4 6 8 9 
2.243622

0 2 3 5 7 9 
0.956866

0 1 3 5 6 7 9 
1.796402

0 2 3 5 7 9 
2.242075

0 2 4 3 5 7 9 
1.189871
3 
0 2 4 6 7 9 
1.435820

0 2 3 4 6 5 7 9 
2.009940
5 
0 2 3 5 7 6 8 9 
1.568676
5 
0 2 4 5 7 9 
1.747708

0 2 3 5 7 9 
2.025238

0 2 4 6 8 7 9 
1.932087
5 
0 2 3 5 7 9 
1.060998

0 1 2 4 6 8 9 
1.022593

0 2 4 5 6 8 9 
2.384071

0 1 3 5 7 9 
1.275665

0 2 3 5 7 9 
1.470121

0 2 4 6 8 9 
1.526725

0 1 3 4 6 7 9 
2.112319

0 2 1 3 5 7 9 
1.873727
2 
0 1 2 4 6 8 9 
1.750672

0 2 3 4 6 7 9 
1.469076

0 2 4 5 7 9 
2.126463

0 1 3 4 6 7 9 
1.495364

0 2 4 5 7 8 9 
1.429079

0 1 3 5 7 9 
1.833633

0 2 4 6 7 9 
1.541578

0 2 3 4 5 7 6 8 9 
1.875540
6 
0 2 4 6 8 9 
2.259627

0 2 3 5 7 9 
2.309973

0 2 4 6 8 9 
0.957349

0 2 4 6 7 9 
2.205550

0 1 3 5 6 8 9 
1.164613

0 2 3 4 6 8 7 9 
2.739557
6 
0 2 4 6 8 9 
2.132836

0 1 3 5 7 9 
1.783743

0 2 4 5 7 8 9 
1.771329

0 1 3 4 6 8 9 
1.618584

0 2 4 5 7 9 
1.669259

0 2 4 6 7 9 
2.057710

0 2 4 6 7 9 
1.901207

0 2 3 5 7 9 
1.952989

0 2 4 6 8 9 
2.149996

0 2 4 5 6 8 9 
1.921460

0 2 4 6 8 9 
1.832097

0 1 3 5 7 9 
2.576252

0 1 2 4 6 8 9 
2.117763

0 2 3 5 7 9 
2.074305

0 2 4 5 7 9 
1.645744

0 2 3 4 6 7 9 
1.111652

0 2 4 5 6 7 9 
1.758656

0 2 4 6 7 8 9 
2.785314

0 1 3 5 7 8 9 
1.660881

0 1 3 5 7 8 9 
0.692837

0 1 3 5 6 7 9 
1.779455

0 2 4 6 7 9 
2.519381

0 2 3 5 7 9 
1.872127

0 1 3 5 7 9 
2.458830

0 2 3 5 7 9 
3.416844

0 1 3 5 7 8 9 
1.770009

0 1 2 4 5 7 9 
1.739672

0 2 3 4 6 8 9 
1.674464

0 2 4 6 8 9 
2.471249

0 1 2 3 5 7 8 9 
1.754604

0 2 3 5 6 8 7 9 
2.695226
6 
0 2 4 5 7 9 
1.210355

0 2 4 6 8 9 
1.175311

0 2 4 6 7 9 
0.443460

0 1 3 5 7 9 
2.404957

0 2 4 6 8 9 
2.599877

0 2 3 5 7 9 
1.975697

0 2 3 5 6 8 9 
2.694099

0 1 3 4 6 7 9 
1.911580

0 2 4 5 7 9 
1.820471

0 1 3 5 7 9 
2.862822

0 2 3 5 6 7 9 
1.705959

0 1 3 4 6 7 9 
1.561872

0 2 4 5 7 9 
0.864087

0 1 2 4 6 7 9 
2.082800

0 2 4 5 7 9 
0.858156

0 1 3 5 6 8 9 
1.414465

0 2 4 6 8 9 
1.819810

0 1 3 5 7 9 
2.048521

