455 0.050434
880 0.090419
309 0.045005
854 0.047559
227 0.329933
226 0.234599
700 0.326638
557 0.193069
159 0.039634
449 0.292111
998 0.206211
953 0.240044
347 0.098028
38 0.343752
975 0.318193
842 0.215120
784 0.108166
379 0.033663
438 0.310686
536 0.204602
774 0.063589
252 0.125720
132 0.218783
571 0.105949
746 0.284608
246 0.206313
105 0.078356
467 0.018986
834 0.052976
619 0.118257
211 0.064887
855 0.112794
225 0.094467
184 0.141023
709 0.301115
387 0.188890
756 0.254763
754 0.198628
640 0.206888
969 0.157765
203 0.331549
799 0.276630
313 0.075177
589 0.124157
153 0.122377
332 0.266146
473 0.113186
509 0.250777
813 0.256480
981 0.281329
395 0.294325
164 0.073172
244 0.248095
89 0.326188
726 0.284840
236 0.299946
26 0.622232
440 0.140810
655 0.075402
140 0.084590
514 0.038885
115 0.192033
932 0.051310
382 0.302394
249 0.158866
197 0.243418
322 0.158671
483 0.044524
966 0.320828
230 0.123326
678 0.176236
634 0.291503
666 0.126191
838 0.135990
631 0.157661
415 0.296585
819 0.301286
840 0.039616
645 0.036320
585 0.214563
457 0.101614
345 0.309414
111 0.301328
141 0.316956
247 0.013234
997 0.242622
592 0.085176
940 0.122408
915 0.114945
283 0.180459
310 0.085504
411 0.103797
418 0.260504
718 0.171775
864 0.221365
884 0.234791
606 0.242118
402 0.068443
555 0.049983
898 0.131483
53 0.403661
328 0.036571
192 0.321010
377 0.318202
42 0.405626
986 0.021543
182 0.185308
152 0.041128
497 0.193097
792 0.010789
796 0.171075
815 0.128211
610 0.253221
29 0.443364
371 0.058864
882 0.306746
102 0.157733
865 0.029877
814 0.036478
119 0.163783
308 0.126860
870 0.115245
701 0.105827
782 0.298223
76 0.056019
680 0.314952
618 0.294286
100 0.225138
812 0.276226
660 0.180021
958 0.064155
24 0.623158
977 0.153044
160 0.183737
767 0.137103
168 0.190145
505 0.209484
137 0.137671
412 0.141699
312 0.076080
643 0.102180
507 0.322100
435 0.219780
32 0.543762
513 0.224836
398 0.161146
222 0.006099
270 0.035647
832 0.035344
529 0.111252
820 0.272255
668 0.252639
935 0.198272
274 0.091958
565 0.268535
964 0.035046
75 0.077075
3 31.565386
271 0.044568
207 0.190917
749 0.317276
495 0.278459
49 0.391971
811 0.149979
921 0.025904
776 0.327783
97 0.146987
82 0.194059
303 0.170530
198 0.244533
338 0.091351
459 0.138776
671 0.268264
336 0.184782
685 0.244873
305 0.311663
48 0.354387
474 0.274542
914 0.237465
527 0.127475
243 0.199916
873 0.051449
971 0.216416
673 0.113719
19 0.911743
245 0.047216
433 0.256080
480 0.127969
924 0.217662
895 0.133009
297 0.291526
759 0.024132
74 0.292479
523 0.279054
241 0.173670
363 0.069724
208 0.297228
268 0.296836
381 0.083085
206 0.259526
978 0.169089
687 0.326827
165 0.309213
757 0.182222
150 0.303007
818 0.113578
675 0.233469
526 0.040751
545 0.228805
477 0.282305
28 0.441980
729 0.232234
44 0.448324
400 0.008571
615 0.081251
125 0.200951
551 0.309129
989 0.116712
883 0.199494
256 0.106753
276 0.060288
253 0.297094
343 0.305985
216 0.168892
734 0.118582
764 0.009011
991 0.159964
570 0.188150
240 0.287363
897 0.017732
409 0.079712
146 0.326890
715 0.113535
295 0.299693
149 0.313658
587 0.156241
849 0.204739
43 0.386553
872 0.150270
250 0.025067
654 0.065201
802 0.011987
188 0.324083
943 0.041209
173 0.046314
681 0.066988
996 0.044261
128 0.088498
961 0.300368
354 0.281790
218 0.326299
556 0.057960
948 0.038726
448 0.143764
213 0.214793
761 0.198940
533 0.302045
632 0.040422
808 0.210332
472 0.140023
907 0.097060
311 0.311845
351 0.129207
974 0.101173
946 0.070880
885 0.098989
7 6.448098
494 0.026003
635 0.107984
366 0.214723
171 0.172459
156 0.313920
292 0.325370
2 59.911892
414 0.036798
871 0.179473
988 0.089450
810 0.124194
239 0.252838
791 0.038368
21 0.904693
508 0.063044
875 0.057148
676 0.082921
14 1.628558
787 0.215349
442 0.325025
661 0.221078
468 0.227505
786 0.317091
863 0.196746
23 0.729356
317 0.112008
291 0.285255
452 0.217238
620 0.039568
742 0.215505
831 0.310764
719 0.127214
166 0.182375
503 0.171417
951 0.178184
499 0.225013
947 0.176617
965 0.032191
436 0.084508
626 0.116354
544 0.138435
60 0.320780
888 0.000744
469 0.058631
340 0.228422
877 0.066316
851 0.104821
538 0.306476
911 0.032870
37 0.478390
80 0.285103
25 0.679801
64 0.177841
190 0.165309
148 0.183057
110 0.120415
853 0.060332
489 0.121310
669 0.289923
101 0.076196
976 0.121196
454 0.184937
136 0.099279
891 0.025019
307 0.027412
512 0.303131
724 0.043474
285 0.024391
780 0.086831
929 0.151054
941 0.079903
856 0.136636
195 0.320804
730 0.176625
594 0.234120
737 0.225667
543 0.274728
367 0.004579
389 0.299114
763 0.263274
106 0.044393
866 0.011899
170 0.103099
210 0.175955
179 0.057463
580 0.264001
277 0.030439
301 0.009985
273 0.246124
616 0.050412
667 0.088208
504 0.037738
628 0.054117
139 0.063751
716 0.256303
659 0.111628
566 0.013028
652 0.217172
325 0.318083
771 0.249607
862 0.273453
741 0.261682
450 0.068124
57 0.267099
233 0.228363
388 0.169801
858 0.033445
453 0.279094
699 0.207347
238 0.165280
432 0.100613
491 0.237258
528 0.054445
816 0.095622
621 0.297232
254 0.029248
63 0.106895
326 0.101072
423 0.108473
979 0.212343
879 0.153103
365 0.230573
282 0.080831
649 0.191529
546 0.247168
126 0.281754
425 0.133994
478 0.299408
121 0.275773
952 0.164300
451 0.069314
73 0.363544
835 0.238864
598 0.209191
752 0.103788
843 0.333166
417 0.143889
405 0.211299
290 0.012487
993 0.053933
8 4.431016
758 0.003954
727 0.082150
785 0.068399
553 0.154121
94 0.274742
262 0.299199
87 0.207002
892 0.063469
191 0.064049
912 0.239388
723 0.167733
349 0.138176
357 0.096419
747 0.135317
795 0.082210
4 18.630230
694 0.073585
682 0.026988
568 0.155270
93 0.356887
427 0.148046
70 0.322312
223 0.193111
627 0.265092
287 0.110190
429 0.140551
773 0.039167
439 0.166990
114 0.280669
909 0.054047
127 0.147003
426 0.225776
936 0.008984
595 0.273879
66 0.079769
641 0.161607
304 0.167909
809 0.017540
670 0.111121
410 0.302477
549 0.043319
232 0.038174
638 0.267179
861 0.242955
460 0.179408
931 0.121472
775 0.055703
408 0.168303
698 0.037348
889 0.245378
265 0.102217
830 0.148693
848 0.163941
751 0.258230
920 0.246873
800 0.252548
541 0.216013
280 0.103354
71 0.379110
651 0.261467
263 0.207087
577 0.136327
919 0.077421
617 0.115215
750 0.240468
355 0.123652
462 0.311172
174 0.212047
708 0.230224
679 0.231994
447 0.214596
564 0.083323
348 0.052895
949 0.304462
461 0.008630
40 0.182336
296 0.198897
488 0.166027
705 0.297180
217 0.195217
999 0.183893
913 0.165058
391 0.317947
531 0.164747
393 0.135594
162 0.212517
644 0.233036
339 0.163264
399 0.228909
275 0.135188
107 0.084522
826 0.180754
650 0.083362
496 0.051445
209 0.147346
777 0.179450
135 0.025330
601 0.069970
736 0.041160
968 0.140361
710 0.224776
187 0.054349
16 1.084332
5 12.081540
406 0.299127
169 0.223307
636 0.293793
547 0.173993
602 0.048798
574 0.210394
396 0.257944
672 0.143363
502 0.252366
330 0.296658
31 0.425489
219 0.045048
520 0.131059
419 0.016684
428 0.204551
743 0.284137
686 0.065669
375 0.119775
970 0.264644
960 0.177612
316 0.335241
789 0.011458
972 0.027788
79 0.089387
933 0.270429
441 0.009146
112 0.257185
637 0.191428
704 0.015754
850 0.169330
383 0.096523
852 0.230741
306 0.254314
154 0.266241
778 0.089884
103 0.198992
486 0.020664
260 0.266609
362 0.141480
934 0.187826
481 0.305848
242 0.145663
576 0.282835
86 0.061436
394 0.189758
717 0.184190
985 0.193250
604 0.075668
318 0.126390
493 0.087189
550 0.108950
476 0.024169
896 0.219361
167 0.107428
696 0.003691
464 0.157356
535 0.075565
212 0.187867
372 0.181162
578 0.060087
677 0.283916
61 0.212081
524 0.228136
294 0.032384
373 0.230941
35 0.356728
982 0.224119
161 0.136183
905 0.045892
908 0.083196
886 0.259932
431 0.307969
54 0.383646
58 0.195948
788 0.122326
521 0.281164
925 0.089036
289 0.292247
237 0.221397
600 0.311444
293 0.176017
613 0.164625
413 0.322454
202 0.040038
674 0.312674
967 0.162752
845 0.269334
471 0.193417
193 0.021627
420 0.030637
27 0.411933
703 0.211408
186 0.137523
518 0.326265
352 0.180771
281 0.098823
144 0.294644
728 0.199934
67 0.149165
658 0.163703
593 0.239643
434 0.307241
722 0.101487
158 0.136374
762 0.330878
707 0.004353
596 0.299969
180 0.136904
458 0.300237
790 0.166147
689 0.257607
656 0.165728
56 0.216031
561 0.093800
200 0.180508
95 0.130225
836 0.083158
688 0.152441
376 0.141195
847 0.255359
755 0.261831
50 0.273551
255 0.235047
342 0.133652
104 0.307614
266 0.200313
657 0.107522
201 0.327222
72 0.079310
579 0.273012
581 0.204015
901 0.088180
13 2.030780
939 0.239012
662 0.243904
878 0.143690
683 0.111128
205 0.321513
844 0.128442
664 0.022302
706 0.054267
824 0.031093
833 0.123868
890 0.297551
15 1.470889
456 0.267429
62 0.084910
542 0.291469
358 0.244637
346 0.055808
267 0.113295
559 0.165759
178 0.244623
539 0.235126
320 0.217563
983 0.104790
738 0.054707
33 0.450041
766 0.268106
30 0.615540
599 0.098066
540 0.139348
732 0.070461
397 0.126228
356 0.163268
612 0.108893
519 0.057659
251 0.258810
923 0.208226
973 0.142036
928 0.182524
805 0.043197
194 0.218867
22 0.773764
323 0.274112
485 0.325561
959 0.270646
6 8.021280
739 0.187350
370 0.129707
963 0.190376
392 0.183607
663 0.315246
994 0.040277
124 0.034037
984 0.322955
992 0.020179
131 0.323184
279 0.093021
380 0.241413
147 0.040303
804 0.074693
490 0.104354
231 0.321701
950 0.287973
85 0.275993
258 0.124499
735 0.120733
360 0.208699
575 0.102929
117 0.192778
622 0.277684
806 0.321064
151 0.272595
215 0.261838
954 0.237221
359 0.187357
259 0.326741
956 0.332024
172 0.222303
648 0.041252
500 0.208128
368 0.030002
744 0.175926
264 0.232690
869 0.270692
825 0.173219
36 0.197904
798 0.134698
917 0.310807
59 0.315870
517 0.183913
138 0.181743
220 0.192280
109 0.082550
827 0.284712
720 0.169789
390 0.249575
868 0.120688
224 0.257204
770 0.242949
181 0.146913
829 0.172870
927 0.073473
123 0.316635
91 0.116960
516 0.327682
315 0.281454
155 0.080973
609 0.067761
733 0.239494
90 0.286597
590 0.244481
45 0.179914
235 0.229550
874 0.011200
860 0.304510
298 0.026820
341 0.324364
286 0.243401
364 0.201618
807 0.206102
78 0.267513
96 0.107712
510 0.311709
995 0.013099
39 0.336291
781 0.140562
511 0.205632
653 0.323244
562 0.243580
560 0.226248
116 0.210020
647 0.175095
887 0.007852
430 0.166686
552 0.242267
793 0.010487
522 0.135889
624 0.221969
904 0.149451
625 0.082088
801 0.178770
597 0.305518
817 0.021972
629 0.290001
955 0.073161
319 0.258111
337 0.063061
760 0.176620
611 0.177140
69 0.358400
821 0.310023
142 0.127703
261 0.272273
554 0.055388
846 0.059508
859 0.205893
725 0.305456
684 0.302102
196 0.104647
918 0.092584
894 0.147680
122 0.069668
10 2.872807
867 0.155252
608 0.281984
748 0.135198
501 0.129220
563 0.226525
910 0.195159
374 0.145671
794 0.008363
369 0.139499
129 0.267294
401 0.265351
437 0.202219
113 0.098562
9 4.062793
548 0.065373
768 0.183844
324 0.129294
479 0.317968
99 0.315761
300 0.143161
403 0.193039
118 0.180258
1 165.080061
47 0.417426
944 0.075399
204 0.137502
81 0.123026
957 0.228467
916 0.045488
711 0.085053
530 0.220591
990 0.157386
221 0.236599
83 0.116043
327 0.181418
980 0.285783
822 0.149550
288 0.202507
930 0.242144
134 0.061296
229 0.141830
257 0.070450
614 0.153079
46 0.418047
693 0.041080
803 0.322584
130 0.288931
214 0.112369
937 0.044236
466 0.080168
20 0.966735
314 0.081536
945 0.157342
841 0.250327
630 0.132561
284 0.298947
962 0.099497
569 0.202566
783 0.051919
583 0.123900
938 0.148684
269 0.008254
475 0.280162
714 0.015909
691 0.182585
470 0.110758
573 0.250132
98 0.037263
65 0.141301
344 0.282274
876 0.241690
199 0.124536
335 0.310093
445 0.062935
839 0.142810
407 0.080709
487 0.152960
558 0.101592
11 2.689157
586 0.308455
92 0.321711
498 0.180151
584 0.226337
690 0.259062
18 0.954794
692 0.012969
765 0.055490
922 0.007260
84 0.065964
881 0.146885
753 0.137918
906 0.124602
177 0.105962
582 0.208389
740 0.261718
899 0.039713
163 0.234506
386 0.028526
424 0.335790
55 0.391092
133 0.144251
41 0.381270
384 0.197309
567 0.188436
942 0.307867
421 0.050335
623 0.244941
17 1.054597
893 0.031765
900 0.328430
183 0.196333
903 0.061890
721 0.302905
591 0.090721
228 0.140120
603 0.276856
278 0.094304
248 0.316606
646 0.317621
350 0.190311
378 0.157294
588 0.295700
185 0.336435
537 0.213114
145 0.342693
51 0.243642
88 0.270917
607 0.137320
772 0.220689
713 0.103052
52 0.305533
143 0.123749
534 0.006706
492 0.001971
385 0.066814
422 0.235768
697 0.138290
234 0.239468
639 0.112512
605 0.120642
176 0.255764
189 0.027589
665 0.031974
484 0.076527
572 0.081261
902 0.209409
299 0.171380
465 0.017513
334 0.037828
515 0.084685
404 0.236716
120 0.347147
695 0.328954
333 0.216216
926 0.314492
443 0.100402
446 0.264954
463 0.329870
416 0.218121
769 0.114540
525 0.196495
987 0.082020
506 0.302266
175 0.272570
823 0.288771
532 0.189003
837 0.255246
108 0.072261
353 0.161928
633 0.034120
321 0.293455
702 0.184726
779 0.035408
745 0.080837
272 0.042814
642 0.252201
857 0.218376
12 1.914007
444 0.147808
712 0.309636
361 0.294790
797 0.083412
34 0.432144
482 0.175777
828 0.219297
302 0.112831
329 0.166220
731 0.324152
331 0.289148
77 0.099093
68 0.315916
157 0.269551
